#"theta [deg]" "DeltaBLA [a0]" V_G V_E w
0 -0.264561657564096 0.005260840000119 -0.008143175477867 -0.050034820441038
0 -0.245664396309518 0.004530709999926 -0.007834982054037 -0.049695979200675
0 -0.22676713505494 0.003848830000152 -0.007462864994628 -0.049376794353829
0 -0.207869873800362 0.003230840000015 -0.007058665939744 -0.049031617548005
0 -0.188972612545783 0.002674625000054 -0.006620741330683 -0.048666321836346
0 -0.170075351291205 0.002241324999886 -0.005980792747634 -0.048389293861617
0 -0.151178090036626 0.001724409999952 -0.005587285047663 -0.047964543129568
0 -0.132280828782049 0.00130361499987 -0.004999082931137 -0.047652357948882
0 -0.11338356752747 0.000965624999935 -0.004403674493455 -0.047283078022
0 -0.094486306272892 0.000673054999879 -0.003756508272619 -0.046941007476355
0 -0.075589045018313 0.000483610000174 -0.002976253683919 -0.046651097537956
0 -0.056691783763735 0.000248025000019 -0.002358221058364 -0.046274358974953
0 -0.037794522509157 0.000159505000283 -0.001525013411556 -0.045991292703409
0 -0.018897261254579 3.56900000042515E-05 -0.000832044621033 -0.04563691778288
0 0 0 -2.95001342171732E-10 -0.045363493402859
0 0.018897261254578 3.56850000571285E-05 0.00081799958535 -0.045039456493481
0 0.037794522509157 0.00011537499995 0.001688281722603 -0.044757235571797
0 0.056691783763735 0.000248310000188 0.002586086787943 -0.044484113143498
0 0.075589045018313 0.000422404999881 0.003577852614414 -0.044296073633348
0 0.094486306272891 0.00067445500008 0.004474951993174 -0.043975050841323
0 0.11338356752747 0.000958630000241 0.005491321141575 -0.043771718230834
0 0.132280828782048 0.001315535000231 0.00648655964972 -0.043510967437854
0 0.151178090036626 0.001725995000015 0.007539888974723 -0.043286726728873
0 0.170075351291204 0.002188190000197 0.008634709984367 -0.043083921552187
0 0.188972612545783 0.002684280000267 0.009742946499946 -0.04289230161513
0 0.207869873800361 0.003241320000143 0.010924517103488 -0.04274143941043
0 0.226767135054939 0.003871604999858 0.012083118949742 -0.042527840810211
5 -0.264561657564096 0.00528297000028 -0.007768102132792 -0.050040134398687
5 -0.245664396309518 0.004551795000225 -0.0074575828865 -0.049705576693059
5 -0.22676713505494 0.003876645000219 -0.007099898846408 -0.049366657205917
5 -0.207869873800362 0.003257084999859 -0.006696879856339 -0.04902390197803
5 -0.188972612545783 0.002692715000194 -0.006249358092044 -0.0486789708237
5 -0.170075351291205 0.002183160000186 -0.005760328183162 -0.04833156936441
5 -0.151178090036626 0.001728075000301 -0.005228603066614 -0.047985766627569
5 -0.132280828782049 0.001327160000073 -0.004653793776317 -0.047644636553215
5 -0.11338356752747 0.000980135000191 -0.004045840150027 -0.047301879850005
5 -0.094486306272892 0.000686774999849 -0.00340226775749 -0.046962732170892
5 -0.075589045018313 0.000446890000148 -0.002724966834435 -0.046628194925299
5 -0.056691783763735 0.000260329999946 -0.002013379266176 -0.046301464773193
5 -0.037794522509157 0.000126984999952 -0.001268980391387 -0.045983376943433
5 -0.018897261254579 4.6805000238237E-05 -0.000495433355865 -0.045672311684353
5 0 1.97550002667413E-05 0.000309734094775 -0.045372214548775
5 0.018897261254578 4.58600002275489E-05 0.001144536801437 -0.045082246704411
5 0.037794522509157 0.0001251650001 0.002009655687741 -0.04480368369313
5 0.056691783763735 0.000257760000295 0.002904714764475 -0.044536550170063
5 0.075589045018313 0.000443769999947 0.003828428765817 -0.044279345398881
5 0.094486306272891 0.000683350000145 0.004783200753009 -0.0440343160598
5 0.11338356752747 0.000976674999947 0.005769326056335 -0.043800985542182
5 0.132280828782048 0.001323954999862 0.006785817840391 -0.043577650861995
5 0.151178090036626 0.001725415000237 0.007834339622186 -0.043365023252576
5 0.170075351291204 0.002181310000196 0.008915467329475 -0.043162437566815
5 0.188972612545783 0.002691919999961 0.010030934308713 -0.04297070744448
5 0.207869873800361 0.003257560000293 0.011178834488077 -0.042786521780394
5 0.226767135054939 0.003878575000272 0.012354021786574 -0.04260438864356
10 -0.264561657564096 0.005408904999967 -0.006878853062629 -0.049763654119581
10 -0.245664396309518 0.004674634999901 -0.006580002883638 -0.049425111830403
10 -0.22676713505494 0.003996514999926 -0.006234934048626 -0.049082575228979
10 -0.207869873800362 0.003374105000148 -0.005843417993321 -0.048738685790129
10 -0.188972612545783 0.002807020000091 -0.005411608275378 -0.048390042426815
10 -0.170075351291205 0.002294870000242 -0.004935149734651 -0.048043742378631
10 -0.151178090036626 0.001837324999997 -0.004420367886113 -0.047696548464992
10 -0.132280828782049 0.001434069999959 -0.003860387571084 -0.047358049824274
10 -0.11338356752747 0.001084824999907 -0.003269563347205 -0.047017549939023
10 -0.094486306272892 0.000789359999999 -0.002645404617395 -0.046680259398025
10 -0.075589045018313 0.000547470000129 -0.001985178976875 -0.046351622027379
10 -0.056691783763735 0.000359010000011 -0.001292745911421 -0.046030273909844
10 -0.037794522509157 0.000223860000006 -0.000568328285245 -0.045718053429759
10 -0.018897261254579 0.000141960000292 0.000185737391813 -0.045414343773769
10 0 0.000113280000278 0.000970896767217 -0.045121858046205
10 0.018897261254578 0.000137829999858 0.001785323831563 -0.044839572938756
10 0.037794522509157 0.00021565499992 0.002629845917546 -0.044568634707013
10 0.056691783763735 0.000346854999862 0.003502904566798 -0.044307800258804
10 0.075589045018313 0.000531534999936 0.004408346182704 -0.044060295822519
10 0.094486306272891 0.000769865000166 0.005342449983838 -0.04382218633806
10 0.11338356752747 0.001062010000169 0.006309345296187 -0.043596623159353
10 0.132280828782048 0.001408184999946 0.007308129029124 -0.043381883383064
10 0.151178090036626 0.001808620000247 0.008337908387017 -0.043176166394918
10 0.170075351291204 0.002263560000301 0.0094018582933 -0.042981334731606
10 0.188972612545783 0.002773290000277 0.010499201923767 -0.04279555776913
10 0.207869873800361 0.003338115000133 0.011622294409405 -0.042610620006303
10 0.226767135054939 0.003958395000154 0.012789716916492 -0.042442188072787
15 -0.264561657564096 0.005610414999865 -0.005306823848868 -0.04940735412308
15 -0.245664396309518 0.004871090000051 -0.005026688990897 -0.0490650714528
15 -0.22676713505494 0.004188065000108 -0.004701972874919 -0.048719402435188
15 -0.207869873800362 0.003560900000139 -0.004332574625749 -0.048373199540395
15 -0.188972612545783 0.002989195000282 -0.003922661067236 -0.048025206938035
15 -0.170075351291205 0.002472565000062 -0.003471122145935 -0.047679629751304
15 -0.151178090036626 0.002010669999891 -0.002981121921301 -0.04733646020942
15 -0.132280828782049 0.001603194999916 -0.002447822196668 -0.047003332783967
15 -0.11338356752747 0.001249859999916 -0.001885760974549 -0.046669274016492
15 -0.094486306272892 0.000950430000103 -0.00128880099376 -0.04634292297967
15 -0.075589045018313 0.000704715000211 -0.000660856220626 -0.046022814308997
15 -0.056691783763735 0.000512560000061 1.71663010111855E-07 -0.04571307722237
15 -0.037794522509157 0.000373854999907 0.000691981199489 -0.045413074259804
15 -0.018897261254579 0.000288539999929 0.00141252523993 -0.045121865384227
15 0 0.000256584999988 0.002164724311013 -0.044843201026362
15 0.018897261254578 0.000278004999927 0.002946994580142 -0.044575860031551
15 0.037794522509157 0.000352855000074 0.003759140501753 -0.044319656386664
15 0.056691783763735 0.000481219999983 0.004601162092711 -0.044074244325602
15 0.075589045018313 0.000663225000153 0.005473137026891 -0.043839244191429
15 0.094486306272891 0.000899014999959 0.006376621457321 -0.043615371928059
15 0.11338356752747 0.001188770000226 0.007313193933912 -0.043403448390678
15 0.132280828782048 0.001532695000151 0.008280825909257 -0.043200246726225
15 0.151178090036626 0.001931010000135 0.009282524064566 -0.043007798572879
15 0.170075351291204 0.00238397000021 0.010317590817771 -0.04282415185864
15 0.188972612545783 0.002891845000249 0.011389328894443 -0.042651248078659
15 0.207869873800361 0.003454950000105 0.012485859385583 -0.042477038726398
15 0.226767135054939 0.004073619999872 0.013628777970991 -0.042319888205951
20 -0.264561657564096 0.005892855000184 -0.003161021261367 -0.048870620714206
20 -0.245664396309518 0.005146094999873 -0.002910233707112 -0.048525388394783
20 -0.22676713505494 0.004455894999865 -0.002617415433153 -0.048178012131292
20 -0.207869873800362 0.003821815000265 -0.002281505698959 -0.047832689719573
20 -0.188972612545783 0.003243440000006 -0.00190568296977 -0.047489351560534
20 -0.170075351291205 0.002720389999922 -0.001493221866961 -0.047147944309041
20 -0.151178090036626 0.002252305000184 -0.001043969387323 -0.046811724500633
20 -0.132280828782049 0.001838855000187 -0.00054929254412 -0.046491839530114
20 -0.11338356752747 0.001479765000113 -3.07254768615276E-05 -0.046170063205204
20 -0.094486306272892 0.001174779999928 0.000520598287863 -0.045857226181767
20 -0.075589045018313 0.000923694999983 0.001103408917233 -0.045553868021626
20 -0.056691783763735 0.000726345000203 0.001719072639822 -0.045262748712165
20 -0.037794522509157 0.000582619999932 0.002363209424988 -0.044980476243426
20 -0.018897261254579 0.000492444999963 0.003037670805694 -0.044709445570429
20 0 0.000455785000213 0.003742173233236 -0.044449470775936
20 0.018897261254578 0.000472645000173 0.004479024648218 -0.044202822765759
20 0.037794522509157 0.000543085000118 0.005244506346212 -0.043965413636497
20 0.056691783763735 0.000667185000111 0.006040077795795 -0.043737919225989
20 0.075589045018313 0.000845065000249 0.006868495948864 -0.043522428816803
20 0.094486306272891 0.001076880000255 0.007730275535998 -0.043318301142355
20 0.11338356752747 0.001362810000046 0.008624509357092 -0.043123732760154
20 0.132280828782048 0.001703065000129 0.009551738252297 -0.042938055894533
20 0.151178090036626 0.00209787499989 0.010512357726259 -0.042760772926294
20 0.170075351291204 0.002547479999976 0.011509879422191 -0.04259363227802
20 0.188972612545783 0.003052160000152 0.012534959527201 -0.042427215679527
20 0.207869873800361 0.003612230000272 0.013603855107506 -0.042274796131198
20 0.226767135054939 0.004228020000028 0.014712922301966 -0.042132191071111
25 -0.264561657564096 0.006272569999965 -0.000478306685419 -0.048144025474794
25 -0.245664396309518 0.005515374999959 -0.000271304373291 -0.047799546163728
25 -0.22676713505494 0.004815040000267 -2.59418549579914E-05 -0.047455005529127
25 -0.207869873800362 0.004171105000296 0.000261165316845 -0.047116993310013
25 -0.188972612545783 0.003583165000236 0.000584554414418 -0.046783255634051
25 -0.170075351291205 0.003050820000226 0.000944553464549 -0.046457000319285
25 -0.151178090036626 0.002573714999926 0.001338237994968 -0.046137924752387
25 -0.132280828782049 0.002151520000098 0.001771285055463 -0.04583362018421
25 -0.11338356752747 0.001783950000117 0.00223025304187 -0.045533172424399
25 -0.094486306272892 0.001470745000006 0.002721359677788 -0.04524370695731
25 -0.075589045018313 0.00121170500006 0.003243736654349 -0.044965450471759
25 -0.056691783763735 0.001006670000152 0.003795577453752 -0.044697142567443
25 -0.037794522509157 0.000855515000239 0.004378984667568 -0.044441029873523
25 -0.018897261254579 0.000758165000207 0.004993814547202 -0.044196820676695
25 0 0.000714594999863 0.005628285271555 -0.043953086318729
25 0.018897261254578 0.000724815000012 0.006313950992848 -0.043738734627821
25 0.037794522509157 0.000788865000231 0.007022142626372 -0.043526346843588
25 0.056691783763735 0.000906835000023 0.00775161624742 -0.043313853610928
25 0.075589045018313 0.001078839999991 0.008535166301818 -0.043130674654157
25 0.094486306272891 0.001305029999912 0.009332473585342 -0.042938648426995
25 0.11338356752747 0.00158558000021 0.010185238120547 -0.042774956226637
25 0.132280828782048 0.001920690000134 0.011053890678398 -0.042602203670407
25 0.151178090036626 0.002310575000138 0.011965383139164 -0.042443907052699
25 0.170075351291204 0.002755490000254 0.012917603540865 -0.042297022247233
25 0.188972612545783 0.003255695000007 0.01390554544627 -0.042155779141163
25 0.207869873800361 0.003811495000264 0.014931128579945 -0.042021015335535
25 0.226767135054939 0.004423220000263 0.015993678803436 -0.041890721991728
30 -0.264561657564096 0.006790729999921 0.00274123021751 -0.047258813774304
30 -0.245664396309518 0.006020244999945 0.002888654219712 -0.046927675844549
30 -0.22676713505494 0.00530697000022 0.003068901893873 -0.046598061101533
30 -0.207869873800362 0.004650450000099 0.003286982889431 -0.046277621828571
30 -0.188972612545783 0.004050275000282 0.003538777838857 -0.045964882831694
30 -0.170075351291205 0.003506044999995 0.003825244375019 -0.045662669202856
30 -0.151178090036626 0.003017394999915 0.004143955087723 -0.045370179998814
30 -0.132280828782049 0.002584000000297 0.004502634020866 -0.045095952787262
30 -0.11338356752747 0.00220556000022 0.004885622445464 -0.044825728552474
30 -0.094486306272892 0.001881830000002 0.005299722655611 -0.044566538029111
30 -0.075589045018313 0.00161259000015 0.005745938503179 -0.044319239557848
30 -0.056691783763735 0.001397675000135 0.006212289883335 -0.044072453394881
30 -0.037794522509157 0.001236959999915 0.006732780548231 -0.043857647389401
30 -0.018897261254579 0.001130370000283 0.00726279063624 -0.04363236557352
30 0 0.001077865000298 0.007847640532395 -0.043438303960716
30 0.018897261254578 0.001079444999959 0.008443336565089 -0.043233601757098
30 0.037794522509157 0.001135150000209 0.009095040275686 -0.043059074648599
30 0.056691783763735 0.001245065000148 0.009768978334909 -0.042882669685363
30 0.075589045018313 0.001409299999978 0.010477920755861 -0.04271507855631
30 0.094486306272891 0.001627995000035 0.011216640285218 -0.042550594943714
30 0.11338356752747 0.001901330000237 0.011997069881393 -0.042398758536593
30 0.132280828782048 0.002229494999938 0.012812509647732 -0.04225273435436
30 0.151178090036626 0.002612705000047 0.013673782518069 -0.042120909754615
30 0.170075351291204 0.003051205000247 0.014568414615002 -0.041991109636526
30 0.188972612545783 0.003545250000116 0.015504258315524 -0.041869296960735
30 0.207869873800361 0.004095140000118 0.016480395384679 -0.04175374840344
30 0.226767135054939 0.004701195000052 0.017497626324163 -0.041643804243364
35 -0.264561657564096 0.00744431000021 0.00645713797759 -0.046312865044933
35 -0.245664396309518 0.006657630000063 0.006515190011644 -0.046002395993187
35 -0.22676713505494 0.00592858500022 0.006606765248022 -0.0457001933787
35 -0.207869873800362 0.005256715000087 0.006737976584385 -0.045413716426134
35 -0.188972612545783 0.004641600000014 0.006899230880486 -0.045134753594971
35 -0.170075351291205 0.00408283500019 0.007093392067853 -0.044866836620991
35 -0.151178090036626 0.003580054999929 0.007321056501146 -0.044611079235795
35 -0.132280828782049 0.003132920000098 0.007588452147932 -0.044373219858038
35 -0.11338356752747 0.002741130000231 0.007880921177743 -0.044139480018773
35 -0.094486306272892 0.002404419999948 0.008206106815234 -0.043916660182216
35 -0.075589045018313 0.002122575000158 0.00856536416516 -0.043705441952497
35 -0.056691783763735 0.00189542499993 0.008957388065722 -0.043504058624487
35 -0.037794522509157 0.001722835000237 0.009382383678928 -0.043311827875974
35 -0.018897261254579 0.001604720000159 0.009841909797434 -0.043129435280929
35 0 0.001541035000173 0.010336230452893 -0.042956301663942
35 0.018897261254578 0.001531774999876 0.010865758934305 -0.042791744205064
35 0.037794522509157 0.001576975000262 0.011432285154277 -0.042636467232179
35 0.056691783763735 0.001676710000083 0.012034822364927 -0.042488593005668
35 0.075589045018313 0.001831085000049 0.012665195824972 -0.042339606481616
35 0.094486306272891 0.002040244999989 0.013342511696062 -0.042206052555208
35 0.11338356752747 0.002304350000031 0.014058742168336 -0.04207949465499
35 0.132280828782048 0.002623594999932 0.01481304845493 -0.041957973049446
35 0.151178090036626 0.002998190000199 0.015608673896617 -0.041843869522612
35 0.170075351291204 0.003428370000165 0.016443421582891 -0.04173380638146
35 0.188972612545783 0.003914384999916 0.017322147351296 -0.04163152166397
35 0.207869873800361 0.00445652999997 0.018241066953451 -0.041532404164184
35 0.226767135054939 0.005055120000179 0.019203700130591 -0.041438806265404
40 -0.264561657564096 0.00827392500014 0.010443975417591 -0.04524696571078
40 -0.245664396309518 0.00746836999997 0.010394665731179 -0.044975969803793
40 -0.22676713505494 0.006720925000081 0.010379634573624 -0.044715967444409
40 -0.207869873800362 0.006031124999936 0.010399535683574 -0.044467944090667
40 -0.188972612545783 0.00539853500004 0.010454051312574 -0.044231424847874
40 -0.170075351291205 0.004822755000077 0.010542856080344 -0.044005983045933
40 -0.151178090036626 0.00430340999992 0.010665760588209 -0.04379108237198
40 -0.132280828782049 0.003840150000087 0.010832216046508 -0.043594934432458
40 -0.11338356752747 0.003432675000113 0.011024633167538 -0.04340056341119
40 -0.094486306272892 0.003080715000124 0.011252453621317 -0.043216193992923
40 -0.075589045018313 0.002784045000226 0.011515815717954 -0.043041192313344
40 -0.056691783763735 0.002542485000049 0.011814978885309 -0.042874854982122
40 -0.037794522509157 0.002355895000164 0.01215017275147 -0.042716550568919
40 -0.018897261254579 0.002224180000212 0.012522937458221 -0.042567127992691
40 0 0.002147290000266 0.012932360729725 -0.042424493561995
40 0.018897261254578 0.002125205000084 0.013380136182801 -0.042289463382211
40 0.037794522509157 0.002157965000151 0.013854836112548 -0.042150973928054
40 0.056691783763735 0.002245624999887 0.014380400016448 -0.042029500669805
40 0.075589045018313 0.002388289999999 0.014945508392008 -0.041914081642474
40 0.094486306272891 0.00258609499997 0.015549222200878 -0.041802771397528
40 0.11338356752747 0.002839194999979 0.016196354981993 -0.041699257130567
40 0.132280828782048 0.00314778000029 0.01688298901434 -0.041598953564163
40 0.151178090036626 0.003512055000101 0.017612507347546 -0.041504242834206
40 0.170075351291204 0.003932240000267 0.018387175332563 -0.041415857805693
40 0.188972612545783 0.004408600000261 0.019202688528757 -0.041329553730241
40 0.207869873800361 0.004941400000007 0.020062861655508 -0.041247435819929
40 0.226767135054939 0.005530965000162 0.020969477038252 -0.041170876746377
45 -0.264561657564096 0.009225839999999 0.014663874815024 -0.044300946743365
45 -0.245664396309518 0.008399315000133 0.014495740967667 -0.04408041969579
45 -0.22676713505494 0.007631400000264 0.014361111490845 -0.043867782070246
45 -0.207869873800362 0.006921624999904 0.014263732466488 -0.043666278926881
45 -0.188972612545783 0.00626955000007 0.014203634116432 -0.043475164072518
45 -0.170075351291205 0.005674760000147 0.014182135531095 -0.043295117424787
45 -0.151178090036626 0.005136884999956 0.014196362174525 -0.043123024183971
45 -0.132280828782049 0.004655565000121 0.014257822736837 -0.042968488017898
45 -0.11338356752747 0.004230490000282 0.0143480520083 -0.042814135960647
45 -0.094486306272892 0.003861385000164 0.014475803386025 -0.042666914102739
45 -0.075589045018313 0.003548024999873 0.014641005600641 -0.04252641884512
45 -0.056691783763735 0.003290210000159 0.014846840904959 -0.042394616545458
45 -0.037794522509157 0.003087805000177 0.015092007742689 -0.042269722294849
45 -0.018897261254579 0.002940700000181 0.015375398211538 -0.042149716650327
45 0 0.002848834999895 0.015688083278807 -0.042026160408997
45 0.018897261254578 0.002812185000039 0.016054444603633 -0.041919932193039
45 0.037794522509157 0.002830774999893 0.016459807498629 -0.041817207528735
45 0.056691783763735 0.00290466000024 0.016906128408019 -0.041718760276694
45 0.075589045018313 0.003033930000129 0.017396697260112 -0.041627037428267
45 0.094486306272891 0.003218715000003 0.017927363730461 -0.041537482640052
45 0.11338356752747 0.003459174999989 0.018504803660252 -0.041455113984285
45 0.132280828782048 0.003755475000162 0.019124735283194 -0.04137550522171
45 0.151178090036626 0.004107825000119 0.019789149467015 -0.041299683650506
45 0.170075351291204 0.004516445000263 0.020498476867759 -0.041227330101572
45 0.188972612545783 0.004981580000276 0.02125325776037 -0.041158044258437
45 0.207869873800361 0.005503504999979 0.022053922233487 -0.041091567957351
45 0.226767135054939 0.006082525000238 0.022902499023926 -0.041029084981809
50 -0.264561657564096 0.010208380000222 0.018813822950486 -0.043468972519146
50 -0.245664396309518 0.009359510000195 0.018517969365995 -0.043295238175437
50 -0.22676713505494 0.008569765000175 0.0182616500517 -0.043130170894267
50 -0.207869873800362 0.007838670000183 0.018046171934086 -0.042974485338734
50 -0.188972612545783 0.00716578499987 0.017870232924936 -0.042826068449953
50 -0.170075351291205 0.00655069000004 0.017736452495612 -0.042687215940016
50 -0.151178090036626 0.005993000000217 0.017651120504786 -0.042562357115239
50 -0.132280828782049 0.005492355000115 0.017596330995736 -0.042435164407168
50 -0.11338356752747 0.005048434999935 0.017585445438331 -0.042317016671287
50 -0.094486306272892 0.004660964999857 0.017614134950205 -0.042203299016025
50 -0.075589045018313 0.004329705000146 0.017683987230907 -0.042094834610936
50 -0.056691783763735 0.004054460000134 0.017795004326673 -0.041991251758453
50 -0.037794522509157 0.00383507000015 0.017951947245322 -0.04189618001723
50 -0.018897261254579 0.003671434999887 0.01813815681961 -0.04179400989719
50 0 0.003563475000192 0.018376936495553 -0.041704884472866
50 0.018897261254578 0.003511155000069 0.018660851037329 -0.041621595129417
50 0.037794522509157 0.003514495000218 0.018988582135817 -0.041542446021385
50 0.056691783763735 0.003573540000161 0.019358901685435 -0.041465622340927
50 0.075589045018313 0.003688374999911 0.019773678332186 -0.0413921809882
50 0.094486306272891 0.003859115000068 0.020234820136611 -0.041323222458058
50 0.11338356752747 0.004085909999958 0.020741255419486 -0.041256891422998
50 0.132280828782048 0.004368935000002 0.021294667699991 -0.04119459991993
50 0.151178090036626 0.004708384999958 0.02189251239107 -0.041132959403649
50 0.170075351291204 0.005104469999878 0.022538247784694 -0.041074681224217
50 0.188972612545783 0.005557429999953 0.023232523490412 -0.041019294724612
50 0.207869873800361 0.006067540000004 0.023973824636818 -0.040965470450357
50 0.226767135054939 0.00663510000004 0.024766001726777 -0.040915715713385
55 -0.264561657564096 0.011218054999972 0.022802252229154 -0.042805244245484
55 -0.245664396309518 0.010346420000133 0.022385155947266 -0.042676057812447
55 -0.22676713505494 0.009534435000205 0.022010204517429 -0.042552095388764
55 -0.207869873800362 0.008781614999862 0.021690669193836 -0.042445207892987
55 -0.188972612545783 0.00808751500017 0.021404050498024 -0.042334343475615
55 -0.170075351291205 0.007451705000221 0.021160739265094 -0.042228489598583
55 -0.151178090036626 0.006873795000047 0.020962005190628 -0.042128731488592
55 -0.132280828782049 0.006353414999921 0.02080805886683 -0.042034366397566
55 -0.11338356752747 0.005890245000046 0.020697304534134 -0.041943599236764
55 -0.094486306272892 0.005484000000251 0.020631149754556 -0.041857538793165
55 -0.075589045018313 0.005134434999945 0.020611191925689 -0.041777201259502
55 -0.056691783763735 0.004841349999879 0.020633041582055 -0.041697739959225
55 -0.037794522509157 0.004604579999977 0.020702765041552 -0.041624736301812
55 -0.018897261254579 0.004424005000146 0.020816124587023 -0.04155323924063
55 0 0.004299550000269 0.020975956636511 -0.041486244323715
55 0.018897261254578 0.004231164999965 0.0211715596325 -0.041413093283668
55 0.037794522509157 0.004218864999984 0.021422151363525 -0.041350834703687
55 0.056691783763735 0.004262675000064 0.021720319599744 -0.041291727927045
55 0.075589045018313 0.004362680000213 0.022064425054635 -0.041234369255957
55 0.094486306272891 0.004518985000232 0.022458184298837 -0.041181209677519
55 0.11338356752747 0.00473173499995 0.022896890486551 -0.04112781579819
55 0.132280828782048 0.005001089999951 0.023385836091209 -0.041078228013352
55 0.151178090036626 0.005327240000042 0.023923491794275 -0.04103103459525
55 0.170075351291204 0.005710395000278 0.024508980110299 -0.040984157460473
55 0.188972612545783 0.006150789999992 0.02514408259835 -0.040939096268261
55 0.207869873800361 0.006648685000073 0.025829336951901 -0.040895523782564
55 0.226767135054939 0.007204385000023 0.026566528434631 -0.040855051464874
60 -0.264561657564096 0.012244399999872 0.026538822747045 -0.042320844654259
60 -0.245664396309518 0.011350419999872 0.026018383574938 -0.042236153275753
60 -0.22676713505494 0.010516589999952 0.025536220341746 -0.042148141512934
60 -0.207869873800362 0.009742430000188 0.025098385550409 -0.042061832262487
60 -0.188972612545783 0.009027475000039 0.024709334750705 -0.04198109741894
60 -0.170075351291205 0.008371294999961 0.024367236978435 -0.041904255548949
60 -0.151178090036626 0.007773485000143 0.024073786732141 -0.041832118722983
60 -0.132280828782049 0.007233679999899 0.023825559410116 -0.041761607954031
60 -0.11338356752747 0.006751545000043 0.023625589188524 -0.041695306223189
60 -0.094486306272892 0.006326790000003 0.023472385251733 -0.041631289490304
60 -0.075589045018313 0.005959170000096 0.023367392234137 -0.041570839449076
60 -0.056691783763735 0.005648475000271 0.023308968338266 -0.041512243940233
60 -0.037794522509157 0.005394539999998 0.023297205076479 -0.041455155261025
60 -0.018897261254579 0.005197230000249 0.023335254303781 -0.041402394643714
60 0 0.005056465000052 0.023418634005859 -0.041349010085742
60 0.018897261254578 0.00497218999999 0.02355210265743 -0.04129943111485
60 0.037794522509157 0.004944400000113 0.02372404081878 -0.041243353533155
60 0.056691783763735 0.004973130000053 0.023953376574915 -0.041196172382245
60 0.075589045018313 0.005058440000084 0.024233461256983 -0.04115210053205
60 0.094486306272891 0.005200430000059 0.024562856908973 -0.041109498007063
60 0.11338356752747 0.005399239999861 0.024941747772148 -0.041068274225752
60 0.132280828782048 0.005655020000177 0.025368894572812 -0.041026605378403
60 0.151178090036626 0.005967950000013 0.025847994267385 -0.040987259336085
60 0.170075351291204 0.006338229999983 0.026380680430491 -0.040951962424804
60 0.188972612545783 0.006766100000277 0.026962682028013 -0.040915660973233
60 0.207869873800361 0.007251819999965 0.027594102883355 -0.040878454518888
60 0.226767135054939 0.007795680000072 0.028280584503438 -0.040844535022566
65 -0.264561657564096 0.013228470000286 0.029870864938231 -0.041975716956278
65 -0.245664396309518 0.012313550000272 0.029239331104178 -0.041909230980541
65 -0.22676713505494 0.011459249999916 0.02865769895239 -0.041845096559762
65 -0.207869873800362 0.010665079999853 0.028125617014026 -0.041783076196787
65 -0.188972612545783 0.009930570000051 0.027644470111794 -0.041724313496659
65 -0.170075351291205 0.009255280000161 0.027214086489537 -0.041668480182489
65 -0.151178090036626 0.008638804999919 0.026832464207808 -0.04161399658213
65 -0.132280828782049 0.008080765000159 0.026501244345978 -0.041561880284822
65 -0.11338356752747 0.007580830000279 0.026220134773475 -0.04151203643382
65 -0.094486306272892 0.007138700000269 0.025989024946655 -0.041464222146857
65 -0.075589045018313 0.006754120000096 0.025806179088085 -0.041416713423178
65 -0.056691783763735 0.006426875000216 0.025674906322835 -0.041372230589238
65 -0.037794522509157 0.006156795000152 0.025593360022028 -0.041329257376929
65 -0.018897261254579 0.005943744999968 0.025561704850267 -0.041287446554379
65 0 0.005787630000214 0.025579909320691 -0.041246689107195
65 0.018897261254578 0.005688395000107 0.025649727724856 -0.041208322526335
65 0.037794522509157 0.005646030000207 0.025755920397161 -0.041158777598361
65 0.056691783763735 0.005660544999955 0.025927521721132 -0.041123298700559
65 0.075589045018313 0.005732005000027 0.026149562268452 -0.041088166063989
65 0.094486306272891 0.005860504999873 0.026420392314148 -0.041051870061803
65 0.11338356752747 0.006046155000149 0.026745378066576 -0.041018766637013
65 0.132280828782048 0.006289115000072 0.027119740654234 -0.040984111241557
65 0.151178090036626 0.006589550000172 0.027546902209729 -0.040951063606819
65 0.170075351291204 0.006947665000098 0.028027405601236 -0.040919270301936
65 0.188972612545783 0.0073636850002 0.028559624277813 -0.040887325124763
65 0.207869873800361 0.007837870000003 0.029147561859149 -0.040857950382582
65 0.226767135054939 0.008370519999971 0.029786280867293 -0.040826627823549
70 -0.264561657564096 0.014094810000188 0.032608908924081 -0.041687409567887
70 -0.245664396309518 0.013161195000066 0.031888486202398 -0.041637568993708
70 -0.22676713505494 0.012288610000269 0.03122471960155 -0.041592579070985
70 -0.207869873800362 0.011476565000066 0.030610806024998 -0.041546098280311
70 -0.188972612545783 0.010724579999987 0.030051131260632 -0.041502675534076
70 -0.170075351291205 0.01003221000019 0.029543829692263 -0.041460527531594
70 -0.151178090036626 0.009399045000009 0.029088803207568 -0.041419296979989
70 -0.132280828782049 0.008824705000279 0.028685613506011 -0.041378995684587
70 -0.11338356752747 0.008308845000101 0.02833573722373 -0.041340962192747
70 -0.094486306272892 0.007851169999867 0.02803739052396 -0.04130345477541
70 -0.075589045018313 0.007451415000105 0.027790428114411 -0.041266312388193
70 -0.056691783763735 0.007109364999906 0.027594631948405 -0.041229500417325
70 -0.037794522509157 0.006824829999914 0.027453463987594 -0.041195787180999
70 -0.018897261254579 0.006597680000141 0.027361562903604 -0.041160700475397
70 0 0.006427809999877 0.027324121939951 -0.041128610085204
70 0.018897261254578 0.006315160000213 0.027336270222308 -0.041094592090052
70 0.037794522509157 0.006259709999995 0.027401133317365 -0.041061954453019
70 0.056691783763735 0.006261470000027 0.027508290755924 -0.041021589237001
70 0.075589045018313 0.006320490000235 0.02767925627707 -0.040991037635837
70 0.094486306272891 0.006436850000227 0.027901795606263 -0.040959842677375
70 0.11338356752747 0.006610665000153 0.028179514323485 -0.040931022637558
70 0.132280828782048 0.006842074999895 0.028509078099112 -0.040901509745478
70 0.151178090036626 0.007131249999929 0.0288925277143 -0.040872682832408
70 0.170075351291204 0.00747838999996 0.029328523420108 -0.040842794926471
70 0.188972612545783 0.007883719999882 0.029820516363112 -0.040815160191022
70 0.207869873800361 0.008347500000127 0.030367388446821 -0.040787872829072
70 0.226767135054939 0.008870024999851 0.030967595772827 -0.040759475133979
75 -0.264561657564096 0.014799750000293 0.034986545808171 -0.04168606822396
75 -0.245664396309518 0.013850575000106 0.034199073781451 -0.041650512416232
75 -0.22676713505494 0.012962775000233 0.033464987515833 -0.041613490091651
75 -0.207869873800362 0.012135845000103 0.032788648865405 -0.041579829596921
75 -0.188972612545783 0.011369305000244 0.032166346267164 -0.041546246343484
75 -0.170075351291205 0.010662714999853 0.031596163583041 -0.041510917534232
75 -0.151178090036626 0.010015650000241 0.031082878695696 -0.041478394215579
75 -0.132280828782049 0.009427734999917 0.030624255138961 -0.041447264311589
75 -0.11338356752747 0.008898625000256 0.030216860395121 -0.041414038239849
75 -0.094486306272892 0.008428009999989 0.029865501225822 -0.041383408322161
75 -0.075589045018313 0.008015625000098 0.029568199878817 -0.041353797400315
75 -0.056691783763735 0.007661245000236 0.02932330376747 -0.041323325106459
75 -0.037794522509157 0.007364680000137 0.029132199776251 -0.041293685342286
75 -0.018897261254579 0.007125789999918 0.028993181468659 -0.041263129220321
75 0 0.006944459999886 0.028907871799201 -0.04123320146773
75 0.018897261254578 0.006820625000273 0.028876451801399 -0.041203644199513
75 0.037794522509157 0.006754255000033 0.028900501425328 -0.041176150960577
75 0.056691783763735 0.006745359999968 0.028978331404999 -0.041149104198161
75 0.075589045018313 0.006793985000058 0.029106621725225 -0.041119218645429
75 0.094486306272891 0.006900195000071 0.029279786601595 -0.041082151835148
75 0.11338356752747 0.007064105000154 0.029518012609021 -0.041054358387233
75 0.132280828782048 0.007285845000297 0.029812492926854 -0.041028179355574
75 0.151178090036626 0.007565590000013 0.030159733391425 -0.041000623287458
75 0.170075351291204 0.007903530000021 0.030563689088133 -0.040974574007993
75 0.188972612545783 0.008299905000058 0.031020928809599 -0.040947036364423
75 0.207869873800361 0.008754965000207 0.031535322143824 -0.040921049330187
75 0.226767135054939 0.009269014999973 0.032105483815239 -0.0408949655342
80 -0.264561657564096 0.015345180000168 0.036734970444375 -0.041720917230916
80 -0.245664396309518 0.014384245000201 0.035894213254362 -0.041689951288376
80 -0.22676713505494 0.013484935000179 0.035113037591129 -0.041661167539923
80 -0.207869873800362 0.012646744999984 0.034387131272439 -0.041631739073334
80 -0.188972612545783 0.011869195000145 0.03371817845608 -0.041602795068565
80 -0.170075351291205 0.011151834999964 0.033105524592433 -0.041574526557359
80 -0.151178090036626 0.010494245000245 0.03254898566156 -0.041546685167869
80 -0.132280828782049 0.009896054999899 0.032046323014128 -0.041517791856545
80 -0.11338356752747 0.009356909999951 0.031599240463979 -0.04148910388544
80 -0.094486306272892 0.008876500000042 0.031209053688661 -0.041462324038233
80 -0.075589045018313 0.008454555000299 0.030873783080401 -0.041435818149507
80 -0.056691783763735 0.00809084499997 0.030591635014272 -0.041407791932155
80 -0.037794522509157 0.007785170000261 0.030364041658458 -0.041379944421988
80 -0.018897261254579 0.007537384999978 0.030190975878428 -0.041352150928195
80 0 0.007347364999987 0.030074110570415 -0.041325959055974
80 0.018897261254578 0.007215045000066 0.030009841257467 -0.041298192849645
80 0.037794522509157 0.007140385000184 0.03000176525965 -0.041271921010411
80 0.056691783763735 0.007123390000288 0.030046502286825 -0.041243803903785
80 0.075589045018313 0.007164095000007 0.030147423402197 -0.041217222181746
80 0.094486306272891 0.007262569999966 0.030291847576925 -0.041181367339106
80 0.11338356752747 0.007418919999964 0.030502257412035 -0.041154233179876
80 0.132280828782048 0.007633279999936 0.030769257310717 -0.041128532361266
80 0.151178090036626 0.007905814999958 0.031091468771933 -0.041102437308232
80 0.170075351291204 0.008236730000135 0.031468918731377 -0.041076122909223
80 0.188972612545783 0.008626254999854 0.031901979734474 -0.041049443105224
80 0.207869873800361 0.009074650000002 0.032394591371907 -0.041025459624154
80 0.226767135054939 0.009582215000137 0.032941659213725 -0.040999449772546
85 -0.264561657564096 0.015708379999978 0.03767818834202 -0.041641607348843
85 -0.245664396309518 0.014740000000074 0.036826827636254 -0.041631258594106
85 -0.22676713505494 0.013833405000241 0.036015695975808 -0.041605904680838
85 -0.207869873800362 0.012988084999961 0.035258716445344 -0.041577726373898
85 -0.188972612545783 0.012203549999867 0.034562784428115 -0.04155269510587
85 -0.170075351291205 0.011479360000067 0.033905675218219 -0.041512401677864
85 -0.151178090036626 0.010815094999998 0.033338054176648 -0.041499550591161
85 -0.132280828782049 0.010210375000042 0.032812037700701 -0.041474537755618
85 -0.11338356752747 0.00966485500021 0.032321845669031 -0.041432639464276
85 -0.094486306272892 0.009178225000142 0.031924104075843 -0.041421036808806
85 -0.075589045018313 0.008750205000069 0.031563522240788 -0.041393962499012
85 -0.056691783763735 0.008380560000205 0.031259849463754 -0.041368381590069
85 -0.037794522509157 0.008069094999883 0.031009499802182 -0.041340948062681
85 -0.018897261254579 0.00781563999999 0.03081764507803 -0.041316419940826
85 0 0.007620084999871 0.030678943482889 -0.041289915390361
85 0.018897261254578 0.007482349999918 0.030594978532487 -0.041263135711143
85 0.037794522509157 0.007402395000099 0.030565848014063 -0.041235937813913
85 0.056691783763735 0.007380210000065 0.030595220615679 -0.04121139439192
85 0.075589045018313 0.007415845000196 0.030675737625195 -0.041183401924659
85 0.094486306272891 0.007509349999964 0.030816678672041 -0.041159620519397
85 0.11338356752747 0.007660844999918 0.030996101115261 -0.041121554458706
85 0.132280828782048 0.007870450000155 0.031245734784957 -0.041095044338292
85 0.151178090036626 0.008138345000134 0.031552311960901 -0.04106988415916
85 0.170075351291204 0.008464725000067 0.031912957713698 -0.041042380121437
85 0.188972612545783 0.008849825000198 0.032332968472243 -0.041017613869799
85 0.207869873800361 0.009293909999997 0.032809381787382 -0.040992050156291
85 0.226767135054939 0.00979727999993 0.033342159861965 -0.04096602467729
90 -0.264561657564096 0.015865679999934 0.038055318026348 -0.041652032155024
90 -0.245664396309518 0.014894500000082 0.037175436884181 -0.041627644757904
90 -0.22676713505494 0.013985155000228 0.036354011419139 -0.041603363092392
90 -0.207869873800362 0.013137129999905 0.035574342060772 -0.041565176735352
90 -0.188972612545783 0.012349950000044 0.034866809792851 -0.041539200449284
90 -0.170075351291205 0.011623155000052 0.034232962959225 -0.041526853590718
90 -0.151178090036626 0.010956345000068 0.033639412404169 -0.041500663088959
90 -0.132280828782049 0.010349125000175 0.033089500597602 -0.04146353916094
90 -0.11338356752747 0.009801154999877 0.03262510075008 -0.04145066937433
90 -0.094486306272892 0.009312125000179 0.032200116914308 -0.041423690452588
90 -0.075589045018313 0.008881754999948 0.03181772479768 -0.041385825920604
90 -0.056691783763735 0.008509815000252 0.031522038763369 -0.041373664984453
90 -0.037794522509157 0.00819609500013 0.031266935093717 -0.041348810039481
90 -0.018897261254579 0.007940439999857 0.031065127533169 -0.041321985574535
90 0 0.007742719999897 0.030920160654508 -0.041296268903808
90 0.018897261254578 0.007602865000081 0.030829940153611 -0.041270300797215
90 0.037794522509157 0.007520820000082 0.030796562937777 -0.041245309644655
90 0.056691783763735 0.007496590000301 0.030816316647146 -0.041218242963559
90 0.075589045018313 0.007530209999914 0.030892765096211 -0.041192337380897
90 0.094486306272891 0.007621740000104 0.031026277291479 -0.041167282046602
90 0.11338356752747 0.007771290000164 0.031214937530495 -0.041141717392627
90 0.132280828782048 0.007978990000083 0.031446033947779 -0.04110477539028
90 0.151178090036626 0.008245009999882 0.031747232078009 -0.041079756230336
90 0.170075351291204 0.008569555000122 0.032102516658533 -0.041052402956525
90 0.188972612545783 0.008952850000242 0.032517511122602 -0.041027477620169
90 0.207869873800361 0.009395170000062 0.032988603393335 -0.041002092554375
90 0.226767135054939 0.009896805000153 0.033516567023855 -0.04097576361587
